5
11 24 07 20 03
04 12 25 08 16
17 05 13 21 09
10 18 01 14 22
23 06 19 02 15
4 
12 16 18 33 
35 34 98 04 
08 10 11 23 
76 45 32 32 
3
4 9 2
3 5 7 
8 1 6 
3
8 1 6
3 5 7
4 9 2
9
01 16 51 30 45 77 56 71 22
41 47 61 67 73 09 15 21 35
69 75 08 14 20 34 40 46 63
13 19 36 42 48 62 68 74 07
53 32 64 79 58 12 27 06 38
81 60 11 26 05 37 52 31 66
25 04 39 54 33 65 80 59 10
29 44 76 55 70 24 03 18 50
57 72 23 02 17 49 28 43 78
6
35 01 06 26 19 24
03 32 07 21 23 25
31 09 02 22 27 20
08 28 33 17 10 15
30 05 34 12 14 16
04 36 29 13 18 11
4
16 02 03 13
05 10 11 08
09 06 07 12
04 15 14 01
5
18 24 05 06 13
22 03 09 15 15
01 07 13 19 25
10 11 17 23 04
14 20 21 02 08
3
2 7 6
5 9 1
4 3 8
3
4 9 2
3 7 5
8 1 6
